4.165	100
4.155	99.79157895
4.149	99.58315789
4.144	99.37473684
4.139	99.16631579
4.133	98.95789474
4.129	98.74947368
4.125	98.54105263
4.122	98.33263158
4.118	98.12421053
4.113	97.91578947
4.11	97.70947368
4.106	97.50105263
4.102	97.29263158
4.099	97.08421053
4.096	96.87578947
4.093	96.66736842
4.089	96.45894737
4.086	96.25052632
4.084	96.04210526
4.081	95.83368421
4.077	95.62526316
4.075	95.41684211
4.073	95.20842105
4.068	95
4.067	94.79157895
4.063	94.58315789
4.06	94.37473684
4.058	94.16631579
4.056	93.95789474
4.054	93.74947368
4.051	93.54315789
4.047	93.33473684
4.046	93.12631579
4.043	92.91789474
4.042	92.70947368
4.039	92.50105263
4.037	92.29263158
4.034	92.08421053
4.032	91.87578947
4.032	91.66736842
4.028	91.45894737
4.027	91.25052632
4.026	91.04421053
4.023	90.83578947
4.022	90.62736842
4.02	90.41894737
4.018	90.21052632
4.016	90.00421053
4.015	89.79578947
4.013	89.58736842
4.012	89.37894737
4.01	89.17263158
4.008	88.96421053
4.007	88.75578947
4.006	88.54736842
4.004	88.33894737
4.003	88.13052632
4.002	87.92210526
4	87.71368421
4	87.50736842
3.997	87.29894737
3.997	87.09052632
3.996	86.88210526
3.995	86.67368421
3.993	86.46526316
3.992	86.25684211
3.992	86.04842105
3.99	85.84
3.988	85.63157895
3.987	85.42315789
3.987	85.21684211
3.987	85.00842105
3.986	84.8
3.984	84.59157895
3.983	84.38315789
3.982	84.17473684
3.982	83.96631579
3.98	83.75789474
3.979	83.54947368
3.979	83.34105263
3.978	83.13263158
3.977	82.92631579
3.976	82.71789474
3.975	82.50947368
3.974	82.30105263
3.973	82.09263158
3.972	81.88421053
3.971	81.67578947
3.971	81.46736842
3.97	81.25894737
3.969	81.05052632
3.968	80.84210526
3.968	80.63368421
3.966	80.42736842
3.965	80.21894737
3.964	80.01052632
3.963	79.80210526
3.962	79.59368421
3.961	79.38526316
3.961	79.17684211
3.959	78.96842105
3.956	78.76
3.956	78.55368421
3.956	78.34526316
3.953	78.13684211
3.952	77.92842105
3.951	77.72
3.949	77.51157895
3.947	77.30315789
3.946	77.09473684
3.945	76.88631579
3.943	76.67789474
3.943	76.46947368
3.941	76.26315789
3.939	76.05473684
3.937	75.84631579
3.936	75.63789474
3.934	75.42947368
3.932	75.22105263
3.931	75.01263158
3.93	74.80421053
3.927	74.59578947
3.926	74.38947368
3.924	74.18105263
3.922	73.97263158
3.921	73.76421053
3.92	73.55578947
3.918	73.34736842
3.916	73.13894737
3.913	72.93052632
3.912	72.72210526
3.91	72.51368421
3.909	72.30526316
3.907	72.09684211
3.906	71.89052632
3.904	71.68210526
3.901	71.47368421
3.901	71.26526316
3.899	71.05684211
3.897	70.84842105
3.896	70.64
3.896	70.43157895
3.894	70.22526316
3.892	70.01684211
3.89	69.80842105
3.89	69.6
3.888	69.39157895
3.887	69.18315789
3.885	68.97473684
3.884	68.76631579
3.882	68.55789474
3.881	68.34947368
3.881	68.14105263
3.878	67.93473684
3.876	67.72631579
3.875	67.51789474
3.874	67.30947368
3.872	67.10105263
3.871	66.89263158
3.869	66.68421053
3.87	66.47578947
3.868	66.26736842
3.867	66.06105263
3.867	65.85263158
3.865	65.64421053
3.863	65.43578947
3.862	65.22736842
3.861	65.01894737
3.86	64.81052632
3.858	64.60210526
3.857	64.39368421
3.855	64.18526316
3.855	63.97684211
3.854	63.76842105
3.852	63.56
3.85	63.35157895
3.85	63.14315789
3.849	62.93684211
3.847	62.72842105
3.847	62.52
3.846	62.31157895
3.845	62.10315789
3.843	61.89473684
3.842	61.68631579
3.841	61.47789474
3.842	61.26947368
3.841	61.06105263
3.839	60.85263158
3.838	60.64421053
3.836	60.43578947
3.836	60.22736842
3.835	60.02105263
3.834	59.81263158
3.833	59.60421053
3.832	59.39578947
3.832	59.18736842
3.831	58.97894737
3.829	58.77052632
3.828	58.56210526
3.828	58.35368421
3.826	58.14526316
3.827	57.93684211
3.824	57.72842105
3.823	57.52
3.822	57.31157895
3.821	57.10315789
3.821	56.89473684
3.821	56.68631579
3.82	56.47789474
3.819	56.26947368
3.819	56.06105263
3.817	55.85263158
3.817	55.64421053
3.816	55.43578947
3.816	55.22736842
3.815	55.01894737
3.814	54.81052632
3.813	54.60210526
3.814	54.39368421
3.813	54.18526316
3.812	53.97684211
3.811	53.76842105
3.811	53.56
3.811	53.35157895
3.81	53.14315789
3.81	52.93473684
3.808	52.72631579
3.808	52.51789474
3.806	52.30947368
3.806	52.10105263
3.806	51.89263158
3.805	51.68421053
3.805	51.47578947
3.804	51.26736842
3.804	51.05894737
3.803	50.85052632
3.802	50.64210526
3.801	50.43368421
3.801	50.22526316
3.801	50.01684211
3.8	49.80842105
3.799	49.6
3.799	49.39157895
3.797	49.18315789
3.798	48.97473684
3.796	48.76842105
3.796	48.56
3.795	48.35157895
3.794	48.14315789
3.794	47.93473684
3.792	47.72631579
3.792	47.51789474
3.792	47.30947368
3.791	47.10105263
3.791	46.89263158
3.789	46.68421053
3.789	46.47578947
3.788	46.26736842
3.786	46.05894737
3.787	45.85263158
3.786	45.64421053
3.786	45.43578947
3.786	45.22736842
3.784	45.01894737
3.784	44.81052632
3.782	44.60210526
3.781	44.39368421
3.781	44.18526316
3.78	43.97684211
3.78	43.76842105
3.779	43.56
3.779	43.35157895
3.777	43.14315789
3.776	42.93473684
3.776	42.72631579
3.775	42.51789474
3.775	42.31157895
3.773	42.10315789
3.772	41.89473684
3.771	41.68631579
3.771	41.47789474
3.77	41.26947368
3.77	41.06105263
3.769	40.85263158
3.767	40.64631579
3.769	40.43789474
3.766	40.22947368
3.764	40.02105263
3.764	39.81263158
3.763	39.60421053
3.762	39.39578947
3.761	39.18736842
3.76	38.97894737
3.759	38.77263158
3.758	38.56421053
3.756	38.35578947
3.756	38.14736842
3.755	37.93894737
3.755	37.73052632
3.754	37.52421053
3.752	37.31578947
3.752	37.10736842
3.751	36.89894737
3.75	36.69052632
3.748	36.48210526
3.746	36.27578947
3.746	36.06736842
3.745	35.85894737
3.744	35.65052632
3.743	35.44210526
3.741	35.23368421
3.74	35.02526316
3.739	34.81894737
3.736	34.61052632
3.735	34.40210526
3.735	34.19368421
3.734	33.98526316
3.731	33.77684211
3.73	33.56842105
3.729	33.36210526
3.728	33.15368421
3.727	32.94526316
3.726	32.73684211
3.724	32.52842105
3.723	32.32
3.721	32.11157895
3.72	31.90526316
3.719	31.69684211
3.717	31.48842105
3.716	31.28
3.714	31.07157895
3.712	30.86315789
3.711	30.65473684
3.708	30.44842105
3.707	30.24
3.705	30.03157895
3.703	29.82315789
3.702	29.61473684
3.699	29.40631579
3.699	29.19789474
3.696	28.99157895
3.695	28.78315789
3.693	28.57473684
3.691	28.36631579
3.689	28.15789474
3.688	27.94947368
3.686	27.74105263
3.683	27.53473684
3.681	27.32631579
3.679	27.11789474
3.677	26.90947368
3.675	26.70105263
3.673	26.49263158
3.67	26.28421053
3.668	26.07578947
3.666	25.86736842
3.664	25.66105263
3.662	25.45263158
3.66	25.24421053
3.658	25.03578947
3.656	24.82736842
3.654	24.61894737
3.651	24.41052632
3.648	24.20210526
3.646	23.99368421
3.642	23.78526316
3.64	23.57684211
3.638	23.36842105
3.635	23.16
3.632	22.95157895
3.63	22.74315789
3.628	22.53473684
3.625	22.32631579
3.622	22.11789474
3.619	21.90947368
3.618	21.70105263
3.614	21.49263158
3.611	21.28421053
3.609	21.07578947
3.606	20.86736842
3.604	20.65894737
3.601	20.45052632
3.599	20.24210526
3.596	20.03368421
3.593	19.82526316
3.59	19.61684211
3.588	19.40842105
3.584	19.2
3.581	18.99157895
3.579	18.78315789
3.575	18.57473684
3.574	18.36631579
3.57	18.15789474
3.569	17.94947368
3.566	17.74105263
3.564	17.53263158
3.562	17.32631579
3.559	17.11789474
3.557	16.90947368
3.555	16.70105263
3.553	16.49263158
3.55	16.28421053
3.549	16.07578947
3.546	15.86736842
3.544	15.65894737
3.543	15.45052632
3.54	15.24210526
3.538	15.03368421
3.536	14.82526316
3.535	14.61684211
3.533	14.40842105
3.531	14.2
3.528	13.99157895
3.527	13.78315789
3.525	13.57473684
3.523	13.36631579
3.52	13.15789474
3.519	12.94947368
3.517	12.74105263
3.514	12.53263158
3.513	12.32421053
3.511	12.11578947
3.509	11.90736842
3.507	11.69894737
3.504	11.49263158
3.501	11.28421053
3.5	11.07578947
3.499	10.86736842
3.495	10.65894737
3.494	10.45052632
3.492	10.24210526
3.489	10.03368421
3.486	9.825263158
3.484	9.616842105
3.481	9.408421053
3.478	9.2
3.475	8.991578947
3.471	8.783157895
3.469	8.574736842
3.464	8.366315789
3.461	8.157894737
3.458	7.949473684
3.452	7.741052632
3.448	7.532631579
3.443	7.324210526
3.437	7.115789474
3.432	6.907368421
3.426	6.698947368
3.419	6.490526316
3.411	6.282105263
3.403	6.073684211
3.396	5.867368421
3.387	5.658947368
3.378	5.450526316
3.369	5.242105263
3.358	5.033684211
3.349	4.825263158
3.339	4.616842105
3.327	4.408421053
3.317	4.2
3.304	3.991578947
3.291	3.783157895
3.278	3.576842105
3.265	3.368421053
3.251	3.16
3.235	2.951578947
3.219	2.743157895
3.202	2.534736842
3.184	2.326315789
3.164	2.117894737
3.145	1.909473684
3.123	1.701052632
3.1	1.492631579
3.073	1.284210526
3.043	1.077894737
3.013	0.869473684
2.973	0.661052632
2.921	0.452631579
2.861	0.244210526
2.794	0.035789474
2.749	-0.088421053
